[iter 0]:[0.0744 0.0642 0.0715],[0.589  0.5167 0.4335],[0.829  0.759  0.6651]
[iter 1]:[0.0841 0.0727 0.0787],[0.5702 0.4958 0.4115],[0.78   0.7077 0.6123]
[iter 2]:[0.0828 0.0716 0.0779],[0.5458 0.4719 0.3899],[0.7583 0.6849 0.5895]
[iter 3]:[0.0799 0.0692 0.076 ],[0.5235 0.4507 0.3714],[0.7443 0.6704 0.5754]
[iter 4]:[0.0774 0.067  0.0742],[0.5061 0.4344 0.3575],[0.7353 0.6612 0.5665]
[iter 5]:[0.0754 0.0652 0.0727],[0.4913 0.421  0.3465],[0.7284 0.6541 0.5599]
[iter 6]:[0.0735 0.0635 0.0711],[0.4801 0.4111 0.3387],[0.7243 0.6498 0.5559]
[iter 7]:[0.0721 0.0623 0.0701],[0.4708 0.4028 0.3322],[0.7207 0.6461 0.5523]
[iter 8]:[0.0713 0.0616 0.0695],[0.4652 0.3976 0.3278],[0.7183 0.6438 0.5501]
[iter 9]:[0.0707 0.061  0.069 ],[0.4604 0.3934 0.3246],[0.7165 0.6419 0.5484]
[iter 10]:[0.0703 0.0607 0.0686],[0.4566 0.3901 0.3222],[0.7149 0.6403 0.5469]
[iter 11]:[0.0699 0.0603 0.0683],[0.4537 0.3875 0.3201],[0.7139 0.6393 0.5459]
[iter 12]:[0.0694 0.0598 0.0678],[0.451  0.3853 0.3185],[0.7131 0.6385 0.5452]
[iter 13]:[0.0692 0.0597 0.0677],[0.4495 0.3839 0.3174],[0.7125 0.6379 0.5446]
[iter 14]:[0.069  0.0595 0.0675],[0.4478 0.3825 0.3164],[0.7119 0.6373 0.544 ]
[iter 15]:[0.069  0.0594 0.0675],[0.4472 0.3819 0.3159],[0.7116 0.637  0.5437]
[iter 16]:[0.0689 0.0594 0.0675],[0.4467 0.3815 0.3155],[0.7114 0.6368 0.5435]
[iter 17]:[0.0688 0.0593 0.0674],[0.4463 0.3811 0.3152],[0.7113 0.6367 0.5434]
[iter 18]:[0.0687 0.0592 0.0673],[0.4459 0.3807 0.3151],[0.7113 0.6367 0.5434]
[iter 19]:[0.0685 0.059  0.0671],[0.445  0.3801 0.3147],[0.7112 0.6366 0.5433]
